25
8 14 5 1 19 11 13 3 18 5 3 3 11 19 1 15 5 16 18 13 17 12 16 17 10
9 18 10 2 6 0 10 12 3 6 6 7 0 6 14 11 17 14 8 4 18 14 13 6 7
19 5 4 5 3 14 16 15 14 16 9 0 12 1 4 9 18 6 16 12 11 15 9 6 0
18 4 18 19 2 12 0 7 5 6 17 16 8 14 14 19 6 9 2 12 11 7 19 16 14
7 6 19 1 12 4 3 2 8 15 12 7 10 18 8 0 16 8 15 4 8 11 19 5 17
8 1 2 10 4 3 16 10 8 17 17 8 12 3 6 12 8 7 11 13 10 13 8 13 0
4 10 8 17 11 15 11 16 4 0 13 14 7 2 17 13 12 7 0 1 3 11 10 7 13
13 19 5 11 1 2 8 18 13 18 5 19 13 10 17 17 0 10 13 4 0 10 10 4 12
10 16 8 5 14 17 3 2 2 14 15 2 13 9 1 1 11 12 5 10 15 3 17 3 5
0 11 2 5 16 0 10 18 3 12 5 11 15 14 0 6 7 2 17 0 8 12 12 14 10
10 14 15 4 5 15 13 19 7 4 16 17 19 4 7 4 12 7 3 1 13 2 16 13 16
9 6 18 18 10 17 18 14 19 17 12 8 6 13 0 9 10 5 10 3 5 1 15 7 4
4 10 3 8 5 0 16 14 14 7 14 2 3 18 13 11 6 10 8 17 18 7 14 0 5
0 0 12 16 10 3 15 2 2 2 6 15 5 8 9 18 2 12 16 0 6 8 2 18 6
12 1 7 1 14 19 10 3 16 2 5 10 5 3 13 13 16 7 12 0 5 10 10 6 2
14 3 12 4 7 2 19 3 8 7 16 10 19 6 16 6 15 18 12 16 15 17 8 7 12
2 2 7 16 9 15 10 5 10 14 6 2 7 2 0 1 15 6 2 4 3 13 7 15 9
7 12 7 14 13 1 14 9 7 10 8 6 3 8 2 14 10 12 10 4 8 16 12 18 10
18 18 6 15 3 13 5 12 11 18 15 8 4 3 18 9 1 12 9 12 10 15 10 19 3
1 14 16 2 11 4 12 1 14 19 9 12 3 11 9 3 17 10 3 17 0 2 19 1 11
18 13 14 7 10 1 8 14 19 10 7 8 19 13 18 6 11 12 7 17 18 15 15 3 9
19 19 13 12 1 10 4 15 13 8 5 9 11 18 17 0 12 17 6 2 11 1 5 18 0
10 15 10 10 19 0 6 2 1 10 7 18 5 4 3 16 2 14 8 10 19 3 5 6 7
16 8 9 0 9 13 3 7 16 12 18 14 7 16 3 1 0 8 19 17 12 14 4 9 5
1 6 15 10 4 19 10 2 0 3 0 9 6 10 0 1 4 15 8 3 12 13 9 3 11
